396.561937012	25	2.2
180.703660921	15	2.8
250.609166303	40	2.5
310.50809852	10	2.2
140.823885423	10	4.5
362.339861842	20	2.1
382.445082729	16	2.4
388.985848311	10	2.3
349.616780657	153	2.4
437.003470946	26	2.6
256.625421299	52	2.8
369.549394488	17	2.5
358.1345103	29	2.6
247.380632233	32	3.5
351.268468749	8	2.3
306.414864569	28	2.4
342.286577282	103	2.2
364.376105687	14	3.1
321.958278372	90	2.2
335.080437504	11	3.6
448.188205093	29	2.5
331.543217981	9	3.5
335.297973249	12	2.1
347.69223475	107	2.2
70.3877119871	10	3.2
383.138094827	10	2
320.373160548	10	2
353.907734583	17	1.7
352.907812407	10	2.2
327.562067465	220	2
246.076459102	25	2.4
322.465247495	137	2.1
330.06214146	104	1.7
276.983943652	10	2.5
397.669381832	23	2.4
323.092984682	138	3.2
381.573819237	20	2.7
231.788186556	21	2.4
389.290310453	10	2.2
410.440739291	12	2.1
375.623553885	59	2.1
324.278747999	112	1.9
333.479146965	10	1.6
228.123602136	26	2.7
240.266708437	24	2.2
385.767266595	34	2
294.795204609	11	1.9
292.76551494	22	1.8
382.578119439	20	2.4
415.925357189	307	2.9
269.545958927	23	2
366.298694836	47	1.9
324.450316994	18	1.8
356.524897367	13	3.1
379.255646215	24	2.3
329.211733928	114	1.8
379.049218781	14	1.9
382.784488615	10	2.1
363.377212288	10	4.4
358.633553098	10	4
313.189871428	134	2.1
274.875122761	10	2.2
359.529864353	10	2.2
356.524897367	10	2
370.172457662	16	1.8
379.358820204	22	1.9
329.797084881	110	1.8
392.028748477	17	2.3
362.399772778	25	1.8
356.419629768	12	3.4
230.962657561	31	2.5
381.573819237	10	2.1
302.999088293	10	2
349.745158385	14	1.8
347.722574875	28	2.3
311.615054797	10	2.1
372.618294354	28	2.4
385.073864393	10	2.2
321.331507591	10	1.7
296.952681777	34	2
353.08036641	10	1.9
249.502055339	36	2.8
335.418615371	12	1.8
381.88323034	65	2.2
248.082035732	40	2.3
383.685608478	26	2.9
359.951054491	10	2.7
80.9348142255	11	3.3
240.749338979	26	2.3
78.7179019616	10	3
448.610786728	10	2.4
366.972516775	110	1.9
335.113048027	80	1.7
400.222342727	10	2.3
331.975553882	104	2.5
414.79776351	10	2.3
440.024363385	27	3.2
321.779365753	94	2.4
230.769089867	28	2.5
418.557428717	10	2.3
384.069863847	16	2.1
279.197853843	10	2.5
319.381614096	10	2
242.859375178	31	2.9
440.111402489	10	2.2
227.849173059	58	2.6
253.656681915	34	2.4
319.920912957	88	2.6
383.891993521	24	2.3
465.120950528	50	2.6
300.229896661	10	2.6
416.926440324	25	2.5
238.326694455	29	2.4
223.375308199	28	2.8
305.33676323	10	1.8
389.813863399	32	2.4
388.940719025	26	2.2
381.057605709	10	1.9
396.841151587	10	2.1
337.600956753	99	2.8
91.305312832	10	3.2
348.732527724	109	2.2
412.583377604	13	2.4
351.353740231	114	1.7
340.43221161	103	2.2
323.518655283	2	2.1
407.355972535	22	2.1
358.6245114	12	2.1
451.649326113	13	2.5
415.562770093	10	2.2
350.245641121	112	2.3
435.990462232	31	2.5
431.962533738	31	2.2
306.444497616	18	1.3
252.116480309	34	2.6
423.254238321	10	2.3
378.636045928	28	2
332.713357208	100	1.9
242.481035288	15	2.1
435.456825044	51	2.1
367.546065343	145	4.2
374.412832737	30	1.8
383.685608478	20	2.1
279.197853843	14	2.8
160.25419355	10	2.8
358.949306619	15	2.3
349.137540607	109	2.6
443.250093576	32	2.5
310.511272338	14	2.3
319.487769031	130	1.7
361.68347248	119	1.8
389.786064847	21	2.6
381.367413108	26	2
157.840435595	12	2.9
302.589261398	8	3
422.206917236	10	2.2
361.630961378	17	1.3
95.8036039412	116	2.9
440.328559721	18	2.5
310.85698487	93	2.1
435.072294892	58	2.1
92.718265395	10	3.2
350.349970492	10	1.8
185.004910508	28	2.8
307.18397434	10	1.5
374.918593037	157	2.1
363.519529734	10	2.1
385.280702083	10	2.4
387.317678982	34	2
392.722300154	10	2.1
208.0061113	145	2.5
299.017708642	10	2.5
317.967180521	89	2.8
235.421947355	26	2.6
354.172189986	92	2.6
390.92130643	13	2.6
220.78356964	26	2.6
441.842258354	28	2.2
288.634162877	10	2.5
364.164360317	11	2.5
229.029860816	79	2.5
385.280702083	31	2
393.782083694	19	2.2
197.756169123	10	2.4
397.84907026	24	2.4
199.455580552	10	2.5
384.069863847	10	2.2
338.073489869	12	2
374.77073041	115	2.5
323.055180088	108	2.2
354.187128301	18	2
420.981073459	20	2.5
253.617490439	43	2.8
244.865068671	38	2.3
422.011933926	14	2.1
241.043746663	28	2.3
332.824653951	9	2.3
408.295688362	26	2.2
402.89608524	11	2.2
303.074734324	10	2.2
298.118121795	11	2
75.234215216	11	3.4
353.348107449	42	2.1
427.327886787	30	2.2
439.625201889	32	2.2
50.6697700838	28	3.6
231.576609917	60	2.8
365.359545448	115	1.8
306.323490724	81	1.7
240.332371163	30	2.3
391.640662737	128	2.2
438.670578044	249	2.5
366.789536022	51	1.9
389.710453248	10	2.2
322.075484114	10	2.2
303.912770699	18	1.5
411.305791102	10	2.3
340.070395688	120	1.9
346.865229025	33	2
389.532695454	27	2.2
262.795557088	38	2.2
326.185082674	181	2.5
328.898060128	12	2.3
377.033489146	115	2
323.026434021	106	2.2
283.03351024	112	2.1
266.589010396	54	2.4
352.36059521	112	1.6
389.607016899	10	2.3
397.876179642	10	2.2
72.3351581545	10	3.2
407.396087379	10	2.4
233.920833294	25	2.4
381.470629382	22	2.6
340.290866937	0	2.9
389.352672727	11	2.2
438.616903233	25	2.2
419.080689678	20	2.4
285.030835486	12	2.2
268.544619276	12	3
342.331912192	11	1.8
378.636045928	24	2
441.841153462	20	2.6
429.042480467	35	2
340.260994614	11	1.8
409.818409763	10	2.6
452.216676352	30	2
334.345723517	118	2.4
394.863727574	12	2.3
382.474895272	20	1.9
390.84652524	12	2.4
394.169087006	11	2.2
240.162702818	30	2.3
381.957760343	65	1.9
339.063451479	115	1.2
225.977398569	11	2.4
316.708527086	89	2.2
214.451634422	12	2.6
353.619330674	11	2
359.264862423	10	2.8
399.603482161	10	2.3
294.379415875	10	2.2
386.218057891	143	1.8
326.729034455	73	2.1
310.990524497	117	2.1
219.086139739	13	2.9
262.075442438	27	2.1
414.000945885	12	2.5
444.559534376	26	2.4
225.610036191	30	2.5
415.41745872	20	2
322.257957766	101	3.1
387.805685151	14	2.8
408.362715296	10	2.3
354.779265009	113	2.4
433.175222326	28	2.3
243.862244036	33	2.5
330.780888551	253	2.3
251.026003793	31	2.3
339.065106906	103	2.1
272.96165025	47	2.6
387.598974387	30	2.2
389.635862096	13	2.4
367.382344234	104	1.7
392.825811666	15	2.3
62.5667001835	10	3.8
410.510331986	10	2.3
377.246948629	29	2
77.5108775506	10	3
390.610974417	10	2.2
384.716480362	137	2.2
386.90481382	27	2.1
246.974942795	31	2.3
397.151932842	10	2.1
318.673969324	95	2
412.862795244	18	2.3
400.47414732	10	2
443.350137729	16	2.1
320.50262677	34	1.9
244.279045739	33	2.6
362.940918823	118	1.8
385.515039274	12	2
425.514282204	23	2.2
267.349396574	26	2.2
375.523700363	169	2.2
286.946523015	10	2
394.863727574	10	1.9
236.505341338	23	2.1
303.645111055	125	2.2
350.245641121	106	2.8
309.139429902	98	2
397.41457957	16	2.6
412.437767583	19	2.4
302.654217149	10	2.6
448.291743653	32	2.4
360.733942704	18	2.8
352.77493207	14	2.2
303.162478091	17	2.3
41.1371997467	25	3.7
82.7296102514	10	3.7
381.958378423	28	2
393.267818208	27	2.3
389.710453248	10	1.9
191.972123096	26	2.5
300.781876095	73	1.5
386.388141343	10	1.8
383.196910493	25	1.8
320.637628576	90	3.3
349.777846973	10	2.3
353.876393771	118	1.6
259.987262582	22	2.2
349.196752307	10	1.9
341.878342858	10	1.4
385.694061594	18	2.1
355.869485587	127	2.2
326.99820583	18	1.8
443.952091988	35	2.8
242.832915991	56	3.2
391.718393524	14	2
58.7365367181	34	3.2
388.322002865	18	2
384.999497399	28	1.7
404.314030069	13	1.7
444.544980007	11	3.8
246.284947114	30	2.2
376.027186807	117	1.8
390.817888594	10	2
305.813741014	20	1.9
421.504142644	9	2.6
340.328792035	11	2.8
325.303434527	18	1.9
386.00380502	21	1.7
379.839464509	162	2
367.467254101	163	2.2
413.72834837	23	2
239.383027902	10	2.1
392.235521124	10	1.9
326.453107404	22	1.8
389.22303843	14	2
255.836324425	25	2
404.844635708	16	2.4
325.131342158	20	1.7
371.205289346	126	1.3
422.924861054	15	2.4
314.086146734	149	2.3
344.353739761	7	1.7
70.322082106	23	3.1
365.266998307	10	3.4
335.796867495	98	2.7
322.341932106	109	2.2
381.367413108	38	2.6
83.6064882687	30	3.5
301.231587127	10	2.5
351.546802236	114	2.6
385.487434468	10	2.1
342.893240893	113	2.4
396.07447971	25	2
340.976733958	99	1.7
336.858068363	19	1.6
309.134752257	69	2.3
383.375833229	28	2.3
327.384702953	96	2.2
423.823016877	19	3
389.296550601	16	2.4
385.767266595	11	2
331.591657737	12	1.7
230.968857649	38	2.6
228.635277254	26	3
306.625208603	96	3.8
438.815327417	30	2.7
430.466008516	10	2.5
416.281760583	13	2.4
423.927541983	22	3.6
356.209012463	15	2.4
421.60868032	15	2.6
421.817679558	26	2.8
343.986176454	8	2
384.379978767	28	2.2
316.889364236	89	3
420.710497296	10	2.6
434.988772601	38	2.2
391.821871313	14	2.2
383.788814175	17	2.1
381.751586769	47	2.6
360.524393856	17	2.3
221.969691247	36	2.6
213.648697636	35	2.7
395.99001476	17	2.4
413.626030367	12	2.3
381.367413108	27	1.9
269.432902617	60	2.2
344.172414172	9	1.5
446.250857893	274	2.6
379.64012387	8	2.1
347.83083937	115	1.7
388.809795621	19	2.4
231.782285495	27	2.4
290.222373565	85	2.3
202.289676204	22	2.6
395.27660551	18	1.9
334.833158779	111	1.5
429.628596844	14	2.2
347.224748446	112	2
379.743491075	25	2
233.710829026	33	2.6
352.180939971	16	1.6
297.910768639	10	2
349.238725842	118	3
395.764602505	12	2.1
311.458245659	132	2.1
423.30001159	10	2.3
411.580276228	10	2.3
432.261778179	18	2.2
438.799845551	24	2.5
391.821871313	14	1.9
284.433718172	22	1.2
235.799866783	91	2.3
353.274957383	10	2.3
317.279464689	100	2.1
409.644140415	20	2.4
392.338868268	15	2.1
317.245487994	16	1.7
385.384081436	11	2
73.6458810475	10	4.6
382.061734613	15	2.1
392.263359713	10	1.9
362.932778968	104	1.9
318.352127858	12	1.5
314.817522491	14	1.7
105.369241193	10	2.9
389.917247358	10	2.1
294.323911498	86	2.4
349.291359598	21	1.8
389.813863399	11	2
347.725750069	111	3.4
337.909894946	11	2.4
304.447101839	11	2.2
258.774308202	32	2.1
332.501948756	139	2.6
352.36059521	115	4.9
348.231761653	114	3.6
336.250359195	10	2.3
317.150676749	10	2
335.926399856	10	2.1
383.169184541	18	2.3
410.265041587	13	2.4
387.598974387	37	3.2
352.055266813	94	2.4
386.622582292	17	2.4
386.491528404	17	2.2
392.230394359	10	2.1
330.452140601	92	3.5
444.442061929	36	2.4
313.997567947	102	2.2
331.918422255	101	1.8
352.801023296	12	1.9
354.228030171	12	1.8
393.886754507	18	2.1
306.92074534	124	2.4
363.385013255	126	2.2
225.276429156	56	2.7
390.912377805	15	2.4
437.199404979	31	2.5
394.031192423	13	1.9
247.256957856	25	2.3
92.9061661428	17	3
380.466320233	27	2
320.204752307	116	2.4
293.903690864	21	2.5
301.336841114	10	2.1
243.110519201	26	2.2
335.628639201	73	2
391.20061227	10	1.9
392.751995782	48	1.9
379.255646215	34	1.9
364.974837444	10	2.7
362.910310792	10	2.2
449.088573126	37	2.1
354.974421294	11	2.1
387.317678982	25	2.5
203.758862497	28	2.7
367.590813951	8	2.2
239.025122317	25	2.2
287.182054951	137	1.8
421.145024107	17	2.4
451.113506655	23	2.4
381.85499581	12	2.1
79.4317939305	13	3.1
360.547998465	11	3.6
369.294802752	10	3.5
403.070521823	18	1.8
350.299245265	197	1.5
452.321949912	29	2.1
219.679844624	8	2.1
363.906621058	6	2.5
455.344101977	27	2.2
287.330198644	70	1.8
408.91858975	8	2.3
380.363138308	32	2.2
238.743364553	30	2.4
382.859013613	22	2
391.821871313	26	2.2
394.657132442	10	2
383.169184541	10	2.2
387.114310611	134	3.2
79.5968603722	10	3.9
385.177296404	10	2
380.569475712	35	2
344.705124491	111	2
369.081886543	53	1.9
382.501339976	28	2.2
361.931781542	111	1.8
233.076761376	43	2.7
389.813863399	14	2.3
317.090953478	78	2.1
407.382921281	16	2.3
273.157254642	103	2.3
218.982784326	23	2.7
274.875122761	9	2.3
329.314600467	13	1.7
383.375833229	11	2.2
400.223326553	14	2.2
391.670772635	14	2.4
67.2010628573	10	3
375.232857291	10	1.9
275.194695125	10	1.8
354.869685075	18	3
307.323212378	16	2.5
381.470629382	22	2
331.306691009	107	2
362.338326718	193	1.9
343.728403867	20	2.2
314.400908542	85	2.3
328.377533133	113	2.4
383.862988758	16	2
385.487434468	16	2.3
369.390236947	21	1.9
383.582376425	22	2.1
329.687528663	16	2
330.852859377	175	2.3
383.426725285	57	2.1
389.69081775	15	2.7
225.345453143	24	2.7
348.194844192	11	2.1
294.008789761	124	2.2
379.358820204	19	2.2
337.865724125	16	2.1
290.582794941	18	2.4
357.582175361	23	1.9
272.565200352	36	3.7
399.055917314	19	2.4
262.804040958	10	2.1
299.860916359	94	2.3
126.678740975	21	3.3
379.64012387	26	2
415.278997118	10	2.4
380.363138308	19	2.1
388.603016925	12	2.3
378.708906894	10	1.7
389.933136657	102	2.2
405.110916427	16	2.4
387.392158597	18	2.1
439.216500915	28	2.4
82.0842988727	10	3.1
222.399941215	18	2.7
251.811855413	27	2.6
303.761171577	10	2.2
383.995146523	20	2.3
411.340778113	22	2.8
65.5386815154	36	3.2
315.991578273	149	1.5
333.577913608	147	2
383.169184541	17	2.9
378.40144441	11	2.8
381.367413108	33	2.6
346.416573546	111	3.1
332.915912727	91	1.7
135.151518482	28	3.2
327.486473042	202	1.9
317.076872664	13	2.3
378.636045928	11	2.2
387.42082965	25	2.3
445.065620863	35	2.2
342.76524404	102	2.9
303.912770699	16	1.7
311.766466399	11	1.3
385.590761186	18	2.6
207.807144634	25	2.8
407.636340915	29	2.3
430.537443954	162	2.5
390.714444592	10	2.2
84.6248888488	10	3.2
397.697954389	19	1.8
384.7930965	7	2.2
394.036721846	25	2.1
304.040174491	88	2.2
203.171445425	10	2.6
387.288711303	10	2
392.338868268	10	2
66.756116393	10	4.4
429.828072661	16	3.1
338.243432737	12	2
333.508152316	18	1.3
335.710995803	19	2.5
385.487434468	10	2.2
445.771978037	36	2.4
181.642925669	28	3.1
391.258857846	29	3.5
325.057837901	10	3
387.008069495	10	1.9
230.232229201	15	2.6
273.280532247	53	2.2
363.814147928	137	1.9
358.294668407	158	1.8
332.780562262	10	1.8
294.800358636	10	2.3
383.299950063	34	2.2
382.578119439	20	2.4
378.25131915	36	2.1
383.862988758	11	2.2
393.756240822	20	2.1
376.036313965	24	2
287.832352727	10	1.6
241.480649084	50	4.1
246.233021809	44	4
391.407803256	10	2.1
262.194873145	29	2.5
386.419187126	137	2.2
393.962716017	16	2.1
382.578119439	29	2.1
60.3563386568	10	3.8
396.491516202	18	2
310.605647481	95	1.7
414.280936136	10	2.2
393.032756354	10	2.2
384.7930965	22	2.4
322.850981058	90	1.9
306.267014043	14	2.4
386.801531879	15	3.1
304.131030863	16	2.4
303.392520132	26	2.7
370.292587516	110	2.8
415.043532566	13	2.7
389.044680196	18	2.6
382.061734613	13	2.6
94.4020245995	24	4
390.610974417	10	2.4
471.527203809	509	3.5
391.614889588	13	2.2
217.069223864	32	2.6
257.147493776	101	3
368.513509433	134	2.7
239.93026134	17	2.4
80.4960927032	10	3.3
391.024698104	20	2.6
415.251304039	28	3
412.479968141	14	2.4
379.565088755	43	2.4
405.181409649	31	2.7
377.528599798	19	2.4
73.0026653483	10	3.8
357.62129504	10	2.4
402.68226906	20	2.5
364.858624568	24	2.8
391.821871313	53	2.4
275.609930879	11	2.6
367.56936487	12	2.2
235.07341071	36	2.6
332.918096643	89	2
414.52502016	22	2.8
314.568914488	90	2
251.401968582	39	2.7
382.962430316	19	2.5
363.796424695	114	2.1
409.50689889	14	2.4
320.350690496	84	2.5
394.14018877	10	2.7
391.128063624	12	2.7
383.777164952	104	2.1
320.958535353	94	2.2
395.854701309	119	2.2
398.259338623	24	2.2
225.493745764	31	2.6
275.695590181	27	2.2
230.214107777	38	2.8
389.412776796	10	2.3
350.66552808	19	2.6
431.764542728	38	2.5
256.352039778	80	3.3
388.292652138	19	2.3
334.689435811	10	2.1
272.312899186	79	2.4
331.591657737	10	2.2
351.667863517	15	2.2
394.863727574	21	2.2
378.222448795	10	2.1
171.832780469	17	2.6
331.168799805	86	1.8
384.069863847	17	2.2
370.091647137	10	2
381.057605709	12	2.3
78.9561855418	10	3.1
349.663152368	15	2.2
252.4086349	38	2.5
351.982000639	12	2.6
354.196173551	13	2.2
301.231587127	10	2.3
371.060574367	13	2.5
334.791478939	10	1.8
333.172356238	32	2.1
280.515619035	74	2.7
329.2732792	16	2.1
329.37887025	10	3.1
329.2732792	10	2.7
412.061792093	10	2.6
242.780236011	24	2.8
372.778668088	199	4.1
393.859491448	10	2.2
389.917247358	10	2.3
391.821871313	16	2.4
381.573819237	25	2.1
327.059499178	16	2.1
66.6915399318	10	3.9
389.532695454	10	2.2
318.910613798	89	3.7
387.598974387	13	2.3
324.556967796	10	1.8
383.375833229	21	2.6
430.570571884	14	4.4
427.039946595	15	3.6
417.388945912	10	2.3
422.924861054	16	2.3
425.243702713	12	2.1
427.039946595	18	4.7
424.616437845	15	2.2
427.039946595	15	2.2
415.070126298	21	2.3
325.766105617	10	1.3
419.289815838	14	2.9
294.590490318	16	2.5
334.307299499	104	2.2
353.567579913	11	2.1
308.555839317	101	2.2
424.032041785	18	3.1
386.235694109	237	2.5
420.710497296	20	3.4
362.843211049	31	1.8
420.710497296	16	3
354.631696286	10	2.2
423.029329096	17	2.8
288.212626022	10	2.1
417.764322419	10	2.8
287.737821602	10	2.6
333.320630633	140	2.3
347.455697966	249	2.7
320.150233974	10	1.5
409.70109052	157	3.2
445.486567525	22	3
392.855212423	10	2.3
375.623553885	62	2.3
375.534741346	126	2.9
432.425643694	14	2.7
440.19356874	29	2.8
389.813863399	10	2
338.448117218	130	1.8
419.978600256	10	2.4
413.35575365	179	2.1
394.553795816	24	2.1
386.594889177	26	2
392.825811666	10	2
398.3927201	16	2
211.298231189	10	2.4
211.496803639	15	2.3
367.072926229	134	2.1
385.974330098	10	1.9
378.945965324	29	1.7
386.594889177	10	1.8
326.058184282	15	1.5
432.845125793	10	2.5
428.460757071	18	3
227.909216585	13	2.6
436.271264109	10	2.9
