220.257384735	10	3.1
348.951635243	15	2.1
317.982090053	86	2.4
184.085856502	10	2.5
294.633389477	55	2.7
226.254338823	26	2.8
216.150643989	10	4
228.293110421	27	4
358.358631143	16	2
358.256024259	10	2
374.088737915	14	2.3
320.294526914	119	3.2
395.32998597	166	2.1
212.286718176	11	4
209.810688603	10	2
345.780941618	12	2.2
286.792103245	10	2.4
190.598074147	10	2.2
450.751636842	34	2.3
342.516078017	12	1.7
438.517854931	10	2.3
448.598909355	21	3
454.444038115	16	2.8
357.405147131	18	2.1
432.798457273	30	2.7
359.523100151	121	3.3
447.238387086	20	2.6
409.551169412	79	2.7
372.475990413	10	2.3
229.084261513	17	3.1
345.15491228	11	1.8
208.004874922	18	2.5
232.068784509	11	2.2
276.353713985	11	2.6
353.842546497	16	1.8
343.068446221	93	2.7
314.849522558	93	2.4
324.112952171	22	1.7
446.518669656	35	2.5
328.384260999	16	1.4
447.896028221	23	2.1
259.594768233	60	2.8
332.167043581	145	2.5
269.780724513	71	2.2
301.444622969	60	3.2
378.670731175	23	2.4
216.84018039	10	2.9
213.781396238	29	3.1
363.453741746	10	2.1
324.856294072	20	1.7
410.14102024	14	4.3
408.230965128	13	3.3
285.306642141	44	3.2
407.98056045	10	3.1
401.281802704	14	3
406.166487227	10	2.8
415.198115781	12	3.2
406.000406037	15	2.8
336.16736018	100	2.4
413.491329518	12	2.4
217.189861926	23	3.9
280.750427704	56	2.7
342.719109967	104	2.5
199.329086215	22	2.3
387.268556967	14	2.7
210.511178422	27	2.7
171.05949648	10	2.4
246.781611176	11	2.3
308.155706047	80	2
380.673510776	26	2.5
322.082031835	20	1.2
327.136021278	10	2.7
399.168336366	14	3.1
347.616565175	14	2.1
355.866387318	82	1.5
213.52565446	19	3.3
207.930937609	24	2.1
219.582738725	45	2.3
317.031860997	10	2.3
317.052749397	10	2
444.984951331	24	2.6
312.061435402	77	3.3
317.66542506	10	2.2
442.411560929	28	3.1
419.855117885	10	2.4
231.15875743	33	3.4
398.578907576	12	2.5
222.845139434	28	4.3
319.341202093	99	2.3
209.958414256	10	2.5
442.576801993	23	2.8
454.143497001	10	3.7
389.353798048	142	2.8
451.026575202	10	4.1
106.888820511	18	3.4
262.498645703	54	2.1
286.404510619	97	2.8
313.664338451	102	2.5
306.565240559	11	2.4
451.297413126	10	3.4
396.550418164	19	2.4
206.574598855	10	3
155.107474249	10	3.5
322.035161118	134	2.5
302.709598033	10	2.6
326.430285839	10	2.6
319.209079337	13	2.2
256.959260689	111	2.9
225.153993858	10	2.8
247.178093581	47	2.9
187.969749186	10	2.8
228.499783339	35	2.9
305.791235997	10	2.3
410.857725057	14	2.4
352.551858815	111	2.8
345.579299338	110	4.1
332.086265407	10	2.8
249.245919721	31	2.9
179.089549636	11	2.8
323.600561921	89	1.6
376.907059571	130	2.3
306.481910151	64	2.1
274.295850814	11	2
358.822634943	10	2.6
179.66474483	10	2.8
314.562737104	12	2.4
310.33730898	80	2.3
423.385249254	28	2.3
228.406757333	28	2.5
294.934932119	29	2.4
231.021133632	13	2.4
286.232027439	104	3.4
-23.6393494786	10	3.8
249.046255196	20	2.5
441.728989722	14	2.8
331.23871859	16	2.5
224.409280236	25	3
382.296878589	14	3.2
320.855864891	90	2.7
79.8918381906	56	3.4
211.877819946	13	2.5
343.562768167	10	2.2
196.944381896	19	2.8
352.947698284	111	2.9
187.14867671	10	3.2
355.285282547	120	3.1
275.136250288	21	2.4
324.745460181	191	3.2
326.964901622	104	3.1
442.420697327	31	3.2
91.6304427833	58	3.1
347.311282051	102	2.6
227.012054315	28	2.4
210.30120264	19	2.2
336.018353961	84	2.5
361.381308241	10	2.5
312.109281388	12	2.7
230.813597689	32	2.2
472.010540552	223	2.7
218.075698393	14	2.2
368.955630154	123	2.7
121.17672677	124	3
304.275593261	56	2.4
227.367160704	75	3
204.768366804	25	2.6
344.237043706	131	3.2
167.055458526	10	2.4
352.078250021	128	2.3
324.806589262	11	2.1
398.390466871	12	2.6
382.201418637	10	2.4
226.076862637	37	2.9
393.198499129	10	2.3
353.829383357	112	2.9
70.0484997158	10	2.9
345.611108478	11	2.6
386.674684261	304	2.6
250.600783946	33	2.3
233.622251368	50	2.8
365.252774811	116	2.7
192.6550736	10	2.2
88.0061709947	108	3.2
408.588193613	11	2.4
344.353384403	158	2.6
290.097747492	38	2.2
205.980282538	10	2.3
391.537113165	246	3.2
393.876431873	11	2.3
413.684263057	17	2.8
226.022893922	10	3.2
176.718678178	10	2.9
324.588131282	115	2.1
355.927134103	114	3
250.193098263	10	2.4
201.325044588	10	2.4
231.152967961	10	2.9
284.215487329	31	2.1
239.688395898	53	2.2
285.974102296	16	2.9
238.08754953	44	4
221.400872604	49	2.4
55.7147421903	53	4.1
323.656098131	104	3.2
403.3533443	16	4
392.964009512	10	2.4
187.358424348	17	2.8
76.5443914511	10	4
406.748449243	16	2.7
215.072253419	23	3.1
336.464005019	97	2.2
355.6088772	117	2.5
227.61826359	10	2.2
78.8283431255	10	2.8
270.633762912	61	2.6
215.984986348	16	2.2
287.017229872	10	2.3
325.030336519	20	1.9
337.029294794	10	2.4
421.281027864	10	2.8
398.928917277	14	2.6
312.460512352	10	3.2
195.854754986	23	3.3
309.104921376	14	2.2
310.970846861	13	2.1
309.66850267	10	2.1
198.657305247	14	3.5
278.718360309	42	2.3
253.324323786	40	2.8
326.094340002	17	2.2
309.6281564	10	2
444.335750977	22	2.5
438.120459154	35	2.8
310.280333236	12	2.2
311.644531815	15	2.4
313.211286423	12	2.3
393.354256584	20	2.2
355.438534849	108	2.7
221.765676463	27	2.5
311.736528939	11	2.4
349.841559309	86	2.1
247.709894298	57	2.4
204.876525446	17	2.9
195.505409475	10	3.1
310.086312649	10	3.5
358.498392687	12	2.4
385.558732717	12	2.5
222.590851492	38	2.5
364.190624894	114	2.2
447.233710949	28	2.2
240.328329159	20	3.1
41.7713334184	37	3.2
386.989096748	151	2.2
369.199865039	136	2.5
230.109443302	39	2.6
342.75781611	126	2.4
207.453691896	10	2.6
227.793387311	11	2.5
222.536319082	27	2.1
246.089010762	75	2.3
318.072905822	28	1.9
312.388563225	90	2.7
308.14347147	19	3.5
278.640061172	69	2.2
360.078483854	111	2.3
222.770693366	34	3.7
366.016284425	14	2.7
311.726111285	16	2.2
361.327337106	19	1.9
385.477900287	105	2.2
305.780871704	59	2.3
311.80704057	10	2.9
317.066499199	83	2.1
316.461206726	14	1.9
248.783100375	46	2.8
251.594332755	29	2.9
335.088832093	88	2.6
369.871765225	290	2.7
311.836703141	10	1.9
388.362764964	15	2.8
349.931254252	20	1.3
281.043944105	68	2.3
311.185710981	15	2.8
395.057361737	130	2.3
219.675640182	33	2.3
344.8874177	27	2.3
312.275541239	11	2.8
313.059641933	10	3.2
434.975520526	14	2.5
311.878178591	13	2.6
313.295674567	10	2.3
175.055908857	23	2.6
444.470242151	27	2.9
233.524926106	18	2.6
271.796152484	32	2.4
285.895769014	10	2.4
313.179929079	10	2.7
324.290196811	164	2.5
228.526007079	37	2.3
311.674735871	10	2.4
526.301703659	488	3.7
296.357416579	73	2.4
66.0398714158	10	3.2
230.877224622	32	2.1
350.783535589	19	2.3
402.592789745	73	2.4
485.671690051	21	3
404.991066156	17	2.2
314.583507442	156	3
394.262798204	24	2.5
203.203066433	52	2.6
280.856766046	12	1.8
232.892703301	33	2.7
234.485026132	31	3.9
245.624293021	33	3.1
308.794391427	18	2.2
310.417058847	10	2.5
73.5610167723	19	2.7
344.807849909	111	1.8
373.432049173	12	2.4
137.447153718	12	2.8
225.411639679	35	2.5
329.879657189	98	2.1
283.316603727	69	2
388.255725227	10	1.9
223.614108199	14	2.6
314.876827089	10	2.4
309.097684303	12	2.5
311.33227011	10	2.2
310.826009225	10	2.8
244.401992384	44	2.2
62.3236361643	10	3.4
354.079340834	11	1.9
431.510927552	23	2.4
381.107758984	22	2
245.784285011	23	2
347.155468603	13	2.7
327.654377623	10	2.7
316.07713301	10	2.4
358.281656159	11	2.4
218.04690301	31	2.3
371.499761049	61	2.4
230.608854589	23	2
247.016067307	26	2.5
310.226046499	10	4.1
381.547110801	151	2.8
207.704234941	30	3.5
323.561596386	23	2
349.781356231	12	2.7
379.642147846	32	2.6
383.03861635	18	3.1
226.58490926	26	4.3
356.448770176	10	2.8
358.86996905	13	2.4
357.461250101	13	2.9
361.189086007	19	2
357.361258609	16	1.8
230.41591725	21	2.4
230.0155269	27	2.5
357.231936056	13	1.5
361.55658562	12	2.1
353.330217393	19	1.8
358.557441014	15	1.9
274.353177351	108	2.1
359.510043486	28	1.5
356.295157328	11	2.5
357.906445134	16	2.1
232.341935446	38	2.9
347.800210393	110	2
315.040106539	75	1.7
277.725718843	10	2.3
233.866012432	23	2.5
243.88167617	27	3.2
284.634160381	62	2.4
209.099357316	22	2.6
236.888052246	39	3.7
418.663709316	17	2.2
324.625856873	29	2.4
259.960591238	10	2.2
235.17566845	28	2.7
366.227651235	12	1.8
311.013404936	10	3.7
322.265166911	75	2.1
382.084986247	158	2.3
299.404647836	69	2.2
209.167311665	53	2.7
306.335199378	95	2.5
368.102500205	157	2.5
196.496374139	27	2.5
396.972991152	154	2.9
363.980533264	181	2.8
181.173658423	10	2.6
245.29570597	36	3
310.171204382	11	2.3
215.67439742	38	2.2
312.719180058	12	2.7
313.195034439	16	2.2
372.253958031	10	2.2
193.871958501	24	3
374.342163606	11	2.6
311.068891936	11	2.2
367.21996697	13	2
471.24976128	25	2.4
382.782302168	15	1.9
319.185929498	78	2.4
230.473268475	40	2.2
363.375757577	242	2.5
248.221054902	17	2.6
216.89018901	10	2.3
298.002276888	69	2.1
231.031329362	17	2.7
236.617221427	26	2.3
366.785327804	12	2.4
331.359426919	22	2.1
312.816026627	103	2.1
300.955230339	84	2.1
256.200165061	82	3.6
360.108477343	13	2.2
221.820866987	29	2.6
258.904411055	30	3.3
397.754722525	140	2.5
264.252626023	19	2.2
254.598689939	29	2.6
300.873808108	74	2.5
302.690911845	69	2.5
387.114294868	154	2.7
350.218800808	24	1.9
258.145180462	25	2.3
325.98576088	82	2.5
